img=images/tilesets/tileset_fogofwar.png

tile=0,64,0,64,0,64,0
tile=1,64,64,32,32,16,16
tile=7,64,32,32,32,16,16
tile=23,64,32,32,32,16,16
tile=3,64,64,32,32,16,16
tile=9,64,64,32,32,16,16
tile=11,64,64,32,32,16,16
tile=6,64,96,32,32,16,16
tile=4,64,96,32,32,16,16
tile=36,64,96,32,32,16,16
tile=38,64,96,32,32,16,16
tile=95,64,128,32,32,16,16
tile=73,64,160,32,32,16,16
tile=89,64,160,32,32,16,16

tile=311,64,224,32,32,16,16
tile=64,64,256,32,32,16,16
tile=72,64,256,32,32,16,16
tile=80,64,256,32,32,16,16
tile=200,64,256,32,32,16,16
tile=192,64,256,32,32,16,16
tile=448,64,288,32,32,16,16
tile=473,64,320,32,32,16,16
tile=292,64,384,32,32,16,16
tile=308,64,384,32,32,16,16
tile=500,64,416,32,32,16,16
tile=272,64,448,32,32,16,16
tile=288,64,448,32,32,16,16
tile=256,64,448,32,32,16,16
tile=384,64,448,32,32,16,16
tile=416,64,448,32,32,16,16
tile=84,64,480,32,32,16,16
tile=464,64,288,32,32,16,16
tile=273,64,512,32,32,16,16


tile=2,0,0,0,0,0,0
tile=8,0,0,0,0,0,0
tile=32,0,0,0,0,0,0
tile=128,0,0,0,0,0,0



tile=511,64,0,32,32,16,16
#tile=511,0,0,0,0,0,0

#stop



tile=5,0,0,32,32,16,16




tile=10,0,0,32,32,16,16

tile=12,0,0,32,32,16,16
tile=13,0,0,32,32,16,16
tile=14,0,0,32,32,16,16
tile=15,0,0,32,32,16,16
tile=16,0,0,32,32,16,16
tile=17,0,0,32,32,16,16
tile=18,0,0,32,32,16,16
tile=19,0,0,32,32,16,16
tile=20,0,0,32,32,16,16
tile=21,0,0,32,32,16,16
tile=22,0,0,32,32,16,16

tile=24,0,0,32,32,16,16
tile=25,0,0,32,32,16,16
tile=26,0,0,32,32,16,16
tile=27,0,0,32,32,16,16
tile=28,0,0,32,32,16,16
tile=29,0,0,32,32,16,16
tile=30,0,0,32,32,16,16
tile=31,0,0,32,32,16,16

tile=33,0,0,32,32,16,16
tile=34,0,0,32,32,16,16
tile=35,0,0,32,32,16,16

tile=37,0,0,32,32,16,16

tile=39,0,0,32,32,16,16
tile=40,0,0,32,32,16,16
tile=41,0,0,32,32,16,16
tile=42,0,0,32,32,16,16
tile=43,0,0,32,32,16,16
tile=44,0,0,32,32,16,16
tile=45,0,0,32,32,16,16
tile=46,0,0,32,32,16,16
tile=47,0,0,32,32,16,16
tile=48,0,0,32,32,16,16
tile=49,0,0,32,32,16,16
tile=50,0,0,32,32,16,16
tile=51,0,0,32,32,16,16
tile=52,0,0,32,32,16,16
tile=53,0,0,32,32,16,16
tile=54,0,0,32,32,16,16
tile=55,0,0,32,32,16,16
tile=56,0,0,32,32,16,16
tile=57,0,0,32,32,16,16
tile=58,0,0,32,32,16,16
tile=59,0,0,32,32,16,16
tile=60,0,0,32,32,16,16
tile=61,0,0,32,32,16,16
tile=62,0,0,32,32,16,16
tile=63,0,0,32,32,16,16

tile=65,0,0,32,32,16,16
tile=66,0,0,32,32,16,16
tile=67,0,0,32,32,16,16
tile=68,0,0,32,32,16,16
tile=69,0,0,32,32,16,16
tile=70,0,0,32,32,16,16
tile=71,0,0,32,32,16,16


tile=74,0,0,32,32,16,16
tile=75,0,0,32,32,16,16
tile=76,0,0,32,32,16,16
tile=77,0,0,32,32,16,16
tile=78,0,0,32,32,16,16
tile=79,0,0,32,32,16,16

tile=81,0,0,32,32,16,16
tile=82,0,0,32,32,16,16
tile=83,0,0,32,32,16,16

tile=85,0,0,32,32,16,16
tile=86,0,0,32,32,16,16
tile=87,0,0,32,32,16,16
tile=88,0,0,32,32,16,16

tile=90,0,0,32,32,16,16
tile=91,0,0,32,32,16,16
tile=92,0,0,32,32,16,16
tile=93,0,0,32,32,16,16
tile=94,0,0,32,32,16,16

tile=96,0,0,32,32,16,16
tile=97,0,0,32,32,16,16
tile=98,0,0,32,32,16,16
tile=99,0,0,32,32,16,16
tile=100,0,0,32,32,16,16
tile=101,0,0,32,32,16,16
tile=102,0,0,32,32,16,16
tile=103,0,0,32,32,16,16
tile=104,0,0,32,32,16,16
tile=105,0,0,32,32,16,16
tile=106,0,0,32,32,16,16
tile=107,0,0,32,32,16,16
tile=108,0,0,32,32,16,16
tile=109,0,0,32,32,16,16
tile=110,0,0,32,32,16,16
tile=111,0,0,32,32,16,16
tile=112,0,0,32,32,16,16
tile=113,0,0,32,32,16,16
tile=114,0,0,32,32,16,16
tile=115,0,0,32,32,16,16
tile=116,0,0,32,32,16,16
tile=117,0,0,32,32,16,16
tile=118,0,0,32,32,16,16
tile=119,0,0,32,32,16,16
tile=120,0,0,32,32,16,16
tile=121,0,0,32,32,16,16
tile=122,0,0,32,32,16,16
tile=123,0,0,32,32,16,16
tile=124,0,0,32,32,16,16
tile=125,0,0,32,32,16,16
tile=126,0,0,32,32,16,16
tile=127,0,0,32,32,16,16

tile=129,0,0,32,32,16,16
tile=130,0,0,32,32,16,16
tile=131,0,0,32,32,16,16
tile=132,0,0,32,32,16,16
tile=133,0,0,32,32,16,16
tile=134,0,0,32,32,16,16
tile=135,0,0,32,32,16,16
tile=136,0,0,32,32,16,16
tile=137,0,0,32,32,16,16
tile=138,0,0,32,32,16,16
tile=139,0,0,32,32,16,16
tile=140,0,0,32,32,16,16
tile=141,0,0,32,32,16,16
tile=142,0,0,32,32,16,16
tile=143,0,0,32,32,16,16
tile=144,0,0,32,32,16,16
tile=145,0,0,32,32,16,16
tile=146,0,0,32,32,16,16
tile=147,0,0,32,32,16,16
tile=148,0,0,32,32,16,16
tile=149,0,0,32,32,16,16
tile=150,0,0,32,32,16,16
tile=151,0,0,32,32,16,16
tile=152,0,0,32,32,16,16
tile=153,0,0,32,32,16,16
tile=154,0,0,32,32,16,16
tile=155,0,0,32,32,16,16
tile=156,0,0,32,32,16,16
tile=157,0,0,32,32,16,16
tile=158,0,0,32,32,16,16
tile=159,0,0,32,32,16,16
tile=160,0,0,32,32,16,16
tile=161,0,0,32,32,16,16
tile=162,0,0,32,32,16,16
tile=163,0,0,32,32,16,16
tile=164,0,0,32,32,16,16
tile=165,0,0,32,32,16,16
tile=166,0,0,32,32,16,16
tile=167,0,0,32,32,16,16
tile=168,0,0,32,32,16,16
tile=169,0,0,32,32,16,16
tile=170,0,0,32,32,16,16
tile=171,0,0,32,32,16,16
tile=172,0,0,32,32,16,16
tile=173,0,0,32,32,16,16
tile=174,0,0,32,32,16,16
tile=175,0,0,32,32,16,16
tile=176,0,0,32,32,16,16
tile=177,0,0,32,32,16,16
tile=178,0,0,32,32,16,16
tile=179,0,0,32,32,16,16
tile=180,0,0,32,32,16,16
tile=181,0,0,32,32,16,16
tile=182,0,0,32,32,16,16
tile=183,0,0,32,32,16,16
tile=184,0,0,32,32,16,16
tile=185,0,0,32,32,16,16
tile=186,0,0,32,32,16,16
tile=187,0,0,32,32,16,16
tile=188,0,0,32,32,16,16
tile=189,0,0,32,32,16,16
tile=190,0,0,32,32,16,16
tile=191,0,0,32,32,16,16

tile=193,0,0,32,32,16,16
tile=194,0,0,32,32,16,16
tile=195,0,0,32,32,16,16
tile=196,0,0,32,32,16,16
tile=197,0,0,32,32,16,16
tile=198,0,0,32,32,16,16
tile=199,0,0,32,32,16,16

tile=201,0,0,32,32,16,16
tile=202,0,0,32,32,16,16
tile=203,0,0,32,32,16,16
tile=204,0,0,32,32,16,16
tile=205,0,0,32,32,16,16
tile=206,0,0,32,32,16,16
tile=207,0,0,32,32,16,16
tile=208,0,0,32,32,16,16
tile=209,0,0,32,32,16,16
tile=210,0,0,32,32,16,16
tile=211,0,0,32,32,16,16
tile=212,0,0,32,32,16,16
tile=213,0,0,32,32,16,16
tile=214,0,0,32,32,16,16
tile=215,0,0,32,32,16,16
tile=216,0,0,32,32,16,16
tile=217,0,0,32,32,16,16
tile=218,0,0,32,32,16,16
tile=219,0,0,32,32,16,16
tile=220,0,0,32,32,16,16
tile=221,0,0,32,32,16,16
tile=222,0,0,32,32,16,16
tile=223,0,0,32,32,16,16
tile=224,0,0,32,32,16,16
tile=225,0,0,32,32,16,16
tile=226,0,0,32,32,16,16
tile=227,0,0,32,32,16,16
tile=228,0,0,32,32,16,16
tile=229,0,0,32,32,16,16
tile=230,0,0,32,32,16,16
tile=231,0,0,32,32,16,16
tile=232,0,0,32,32,16,16
tile=233,0,0,32,32,16,16
tile=234,0,0,32,32,16,16
tile=235,0,0,32,32,16,16
tile=236,0,0,32,32,16,16
tile=237,0,0,32,32,16,16
tile=238,0,0,32,32,16,16
tile=239,0,0,32,32,16,16
tile=240,0,0,32,32,16,16
tile=241,0,0,32,32,16,16
tile=242,0,0,32,32,16,16
tile=243,0,0,32,32,16,16
tile=244,0,0,32,32,16,16
tile=245,0,0,32,32,16,16
tile=246,0,0,32,32,16,16
tile=247,0,0,32,32,16,16
tile=248,0,0,32,32,16,16
tile=249,0,0,32,32,16,16
tile=250,0,0,32,32,16,16
tile=251,0,0,32,32,16,16
tile=252,0,0,32,32,16,16
tile=253,0,0,32,32,16,16
tile=254,0,0,32,32,16,16
tile=255,0,0,32,32,16,16

tile=257,0,0,32,32,16,16
tile=258,0,0,32,32,16,16
tile=259,0,0,32,32,16,16
tile=260,0,0,32,32,16,16
tile=261,0,0,32,32,16,16
tile=262,0,0,32,32,16,16
tile=263,0,0,32,32,16,16
tile=264,0,0,32,32,16,16
tile=265,0,0,32,32,16,16
tile=266,0,0,32,32,16,16
tile=267,0,0,32,32,16,16
tile=268,0,0,32,32,16,16
tile=269,0,0,32,32,16,16
tile=270,0,0,32,32,16,16
tile=271,0,0,32,32,16,16
tile=272,0,0,32,32,16,16

tile=274,0,0,32,32,16,16
tile=275,0,0,32,32,16,16
tile=276,0,0,32,32,16,16
tile=277,0,0,32,32,16,16
tile=278,0,0,32,32,16,16
tile=279,0,0,32,32,16,16
tile=280,0,0,32,32,16,16
tile=281,0,0,32,32,16,16
tile=282,0,0,32,32,16,16
tile=283,0,0,32,32,16,16
tile=284,0,0,32,32,16,16
tile=285,0,0,32,32,16,16
tile=286,0,0,32,32,16,16
tile=287,0,0,32,32,16,16

tile=289,0,0,32,32,16,16
tile=290,0,0,32,32,16,16
tile=291,0,0,32,32,16,16

tile=293,0,0,32,32,16,16
tile=294,0,0,32,32,16,16
tile=295,0,0,32,32,16,16
tile=296,0,0,32,32,16,16
tile=297,0,0,32,32,16,16
tile=298,0,0,32,32,16,16
tile=299,0,0,32,32,16,16
tile=300,0,0,32,32,16,16
tile=301,0,0,32,32,16,16
tile=302,0,0,32,32,16,16
tile=303,0,0,32,32,16,16
tile=304,0,0,32,32,16,16
tile=305,0,0,32,32,16,16
tile=306,0,0,32,32,16,16
tile=307,0,0,32,32,16,16

tile=309,0,0,32,32,16,16
tile=310,0,0,32,32,16,16

tile=312,0,0,32,32,16,16
tile=313,0,0,32,32,16,16
tile=314,0,0,32,32,16,16
tile=315,0,0,32,32,16,16
tile=316,0,0,32,32,16,16
tile=317,0,0,32,32,16,16
tile=318,0,0,32,32,16,16
tile=319,0,0,32,32,16,16
tile=320,0,0,32,32,16,16
tile=321,0,0,32,32,16,16
tile=322,0,0,32,32,16,16
tile=323,0,0,32,32,16,16
tile=324,0,0,32,32,16,16
tile=325,0,0,32,32,16,16
tile=326,0,0,32,32,16,16
tile=327,0,0,32,32,16,16
tile=328,0,0,32,32,16,16
tile=329,0,0,32,32,16,16
tile=330,0,0,32,32,16,16
tile=331,0,0,32,32,16,16
tile=332,0,0,32,32,16,16
tile=333,0,0,32,32,16,16
tile=334,0,0,32,32,16,16
tile=335,0,0,32,32,16,16
tile=336,0,0,32,32,16,16
tile=337,0,0,32,32,16,16
tile=338,0,0,32,32,16,16
tile=339,0,0,32,32,16,16
tile=340,0,0,32,32,16,16
tile=341,0,0,32,32,16,16
tile=342,0,0,32,32,16,16
tile=343,0,0,32,32,16,16
tile=344,0,0,32,32,16,16
tile=345,0,0,32,32,16,16
tile=346,0,0,32,32,16,16
tile=347,0,0,32,32,16,16
tile=348,0,0,32,32,16,16
tile=349,0,0,32,32,16,16
tile=350,0,0,32,32,16,16
tile=351,0,0,32,32,16,16
tile=352,0,0,32,32,16,16
tile=353,0,0,32,32,16,16
tile=354,0,0,32,32,16,16
tile=355,0,0,32,32,16,16
tile=356,0,0,32,32,16,16
tile=357,0,0,32,32,16,16
tile=358,0,0,32,32,16,16
tile=359,0,0,32,32,16,16
tile=360,0,0,32,32,16,16
tile=361,0,0,32,32,16,16
tile=362,0,0,32,32,16,16
tile=363,0,0,32,32,16,16
tile=364,0,0,32,32,16,16
tile=365,0,0,32,32,16,16
tile=366,0,0,32,32,16,16
tile=367,0,0,32,32,16,16
tile=368,0,0,32,32,16,16
tile=369,0,0,32,32,16,16
tile=370,0,0,32,32,16,16
tile=371,0,0,32,32,16,16
tile=372,0,0,32,32,16,16
tile=373,0,0,32,32,16,16
tile=374,0,0,32,32,16,16
tile=375,0,0,32,32,16,16
tile=376,0,0,32,32,16,16
tile=377,0,0,32,32,16,16
tile=378,0,0,32,32,16,16
tile=379,0,0,32,32,16,16
tile=380,0,0,32,32,16,16
tile=381,0,0,32,32,16,16
tile=382,0,0,32,32,16,16
tile=383,0,0,32,32,16,16

tile=385,0,0,32,32,16,16
tile=386,0,0,32,32,16,16
tile=387,0,0,32,32,16,16
tile=388,0,0,32,32,16,16
tile=389,0,0,32,32,16,16
tile=390,0,0,32,32,16,16
tile=391,0,0,32,32,16,16
tile=392,0,0,32,32,16,16
tile=393,0,0,32,32,16,16
tile=394,0,0,32,32,16,16
tile=395,0,0,32,32,16,16
tile=396,0,0,32,32,16,16
tile=397,0,0,32,32,16,16
tile=398,0,0,32,32,16,16
tile=399,0,0,32,32,16,16
tile=400,0,0,32,32,16,16
tile=401,0,0,32,32,16,16
tile=402,0,0,32,32,16,16
tile=403,0,0,32,32,16,16
tile=404,0,0,32,32,16,16
tile=405,0,0,32,32,16,16
tile=406,0,0,32,32,16,16
tile=407,0,0,32,32,16,16
tile=408,0,0,32,32,16,16
tile=409,0,0,32,32,16,16
tile=410,0,0,32,32,16,16
tile=411,0,0,32,32,16,16
tile=412,0,0,32,32,16,16
tile=413,0,0,32,32,16,16
tile=414,0,0,32,32,16,16
tile=415,0,0,32,32,16,16

tile=417,0,0,32,32,16,16
tile=418,0,0,32,32,16,16
tile=419,0,0,32,32,16,16
tile=420,0,0,32,32,16,16
tile=421,0,0,32,32,16,16
tile=422,0,0,32,32,16,16
tile=423,0,0,32,32,16,16
tile=424,0,0,32,32,16,16
tile=425,0,0,32,32,16,16
tile=426,0,0,32,32,16,16
tile=427,0,0,32,32,16,16
tile=428,0,0,32,32,16,16
tile=429,0,0,32,32,16,16
tile=430,0,0,32,32,16,16
tile=431,0,0,32,32,16,16
tile=432,0,0,32,32,16,16
tile=433,0,0,32,32,16,16
tile=434,0,0,32,32,16,16
tile=435,0,0,32,32,16,16
tile=436,0,0,32,32,16,16
tile=437,0,0,32,32,16,16
tile=438,0,0,32,32,16,16
tile=439,0,0,32,32,16,16
tile=440,0,0,32,32,16,16
tile=441,0,0,32,32,16,16
tile=442,0,0,32,32,16,16
tile=443,0,0,32,32,16,16
tile=444,0,0,32,32,16,16
tile=445,0,0,32,32,16,16
tile=446,0,0,32,32,16,16
tile=447,0,0,32,32,16,16

tile=449,0,0,32,32,16,16
tile=450,0,0,32,32,16,16
tile=451,0,0,32,32,16,16
tile=452,0,0,32,32,16,16
tile=453,0,0,32,32,16,16
tile=454,0,0,32,32,16,16
tile=455,0,0,32,32,16,16
tile=456,0,0,32,32,16,16
tile=457,0,0,32,32,16,16
tile=458,0,0,32,32,16,16
tile=459,0,0,32,32,16,16
tile=460,0,0,32,32,16,16
tile=461,0,0,32,32,16,16
tile=462,0,0,32,32,16,16
tile=463,0,0,32,32,16,16

tile=465,0,0,32,32,16,16
tile=466,0,0,32,32,16,16
tile=467,0,0,32,32,16,16
tile=468,0,0,32,32,16,16
tile=469,0,0,32,32,16,16
tile=470,0,0,32,32,16,16
tile=471,0,0,32,32,16,16
tile=472,0,0,32,32,16,16

tile=474,0,0,32,32,16,16
tile=475,0,0,32,32,16,16
tile=476,0,0,32,32,16,16
tile=477,0,0,32,32,16,16
tile=478,0,0,32,32,16,16
tile=479,0,0,32,32,16,16
tile=480,0,0,32,32,16,16
tile=481,0,0,32,32,16,16
tile=482,0,0,32,32,16,16
tile=483,0,0,32,32,16,16
tile=484,0,0,32,32,16,16
tile=485,0,0,32,32,16,16
tile=486,0,0,32,32,16,16
tile=487,0,0,32,32,16,16
tile=488,0,0,32,32,16,16
tile=489,0,0,32,32,16,16
tile=490,0,0,32,32,16,16
tile=491,0,0,32,32,16,16
tile=492,0,0,32,32,16,16
tile=493,0,0,32,32,16,16
tile=494,0,0,32,32,16,16
tile=495,0,0,32,32,16,16
tile=496,0,0,32,32,16,16
tile=497,0,0,32,32,16,16
tile=498,0,0,32,32,16,16
tile=499,0,0,32,32,16,16

tile=501,0,0,32,32,16,16
tile=502,0,0,32,32,16,16
tile=503,0,0,32,32,16,16
tile=504,0,0,32,32,16,16
tile=505,0,0,32,32,16,16
tile=506,0,0,32,32,16,16
tile=507,0,0,32,32,16,16
tile=508,0,0,32,32,16,16
tile=509,0,0,32,32,16,16
tile=510,0,0,32,32,16,16

